783
52
321
590
859
128
397
666
935
204
473
742
11
280
549
818
87
356
625
894
163
432
701
970
239
508
777
46
315
584
853
122
391
660
929
198
467
736
5
274
543
812
81
350
619
888
157
426
695
964
233
502
771
40
309
578
847
116
385
654
923
192
461
730
999
268
537
806
75
344
613
882
151
420
689
958
227
496
765
34
303
572
841
110
379
648
917
186
455
724
993
262
531
800
69
338
607
876
145
414
683
952
221
490
759
28
297
566
835
104
373
642
911
180
449
718
987
256
525
794
63
332
601
870
139
408
677
946
215
484
753
22
291
560
829
98
367
636
905
174
443
712
981
250
519
788
57
326
595
864
133
402
671
940
209
478
747
16
285
554
823
92
361
630
899
168
437
706
975
244
513
782
51
320
589
858
127
396
665
934
203
472
741
10
279
548
817
86
355
624
893
162
431
700
969
238
507
776
45
314
583
852
121
390
659
928
197
466
735
4
273
542
811
80
349
618
887
156
425
694
963
232
501
770
39
308
577
846
115
384
653
922
191
460
729
998
267
536
805
74
343
612
881
150
419
688
957
226
495
764
33
302
571
840
109
378
647
916
185
454
723
992
261
530
799
68
337
606
875
144
413
682
951
220
489
758
27
296
565
834
103
372
641
910
179
448
717
986
255
524
793
62
331
600
869
138
407
676
945
214
483
752
21
290
559
828
97
366
635
904
173
442
711
980
249
518
787
56
325
594
863
132
401
670
939
208
477
746
15
284
553
822
91
360
629
898
167
436
705
974
243
512
781
50
319
588
857
126
395
664
933
202
471
740
9
278
547
816
85
354
623
892
161
430
699
968
237
506
775
44
313
582
851
120
389
658
927
196
465
734
3
272
541
810
79
348
617
886
155
424
693
962
231
500
769
38
307
576
845
114
383
652
921
190
459
728
997
266
535
804
73
342
611
880
149
418
687
956
225
494
763
32
301
570
839
108
377
646
915
184
453
722
991
260
529
798
67
336
605
874
143
412
681
950
219
488
757
26
295
564
833
102
371
640
909
178
447
716
985
254
523
792
61
330
599
868
137
406
675
944
213
482
751
20
289
558
827
96
365
634
903
172
441
710
979
248
517
786
55
324
593
862
131
400
669
938
207
476
745
14
283
552
821
90
359
628
897
166
435
704
973
242
511
780
49
318
587
856
125
394
663
932
201
470
739
8
277
546
815
84
353
622
891
160
429
698
967
236
505
774
43
312
581
850
119
388
657
926
195
464
733
2
271
540
809
78
347
616
885
154
423
692
961
230
499
768
37
306
575
844
113
382
651
920
189
458
727
996
265
534
803
72
341
610
879
148
417
686
955
224
493
762
31
300
569
838
107
376
645
914
183
452
721
990
259
528
797
66
335
604
873
142
411
680
949
218
487
756
25
294
563
832
101
370
639
908
177
446
715
984
253
522
791
60
329
598
867
136
405
674
943
212
481
750
19
288
557
826
95
364
633
902
171
440
709
978
247
516
785
54
323
592
861
130
399
668
937
206
475
744
13
282
551
820
89
358
627
896
165
434
703
972
241
510
779
48
317
586
855
124
393
662
931
200
469
738
7
276
545
814
83
352
621
890
159
428
697
966
235
504
773
42
311
580
849
118
387
656
925
194
463
732
1
270
539
808
77
346
615
884
153
422
691
960
229
498
767
36
305
574
843
112
381
650
919
188
457
726
995
264
533
802
71
340
609
878
147
416
685
954
223
492
761
30
299
568
837
106
375
644
913
182
451
720
989
258
527
796
65
334
603
872
141
410
679
948
217
486
755
24
293
562
831
100
369
638
907
176
445
714
983
252
521
790
59
328
597
866
135
404
673
942
211
480
749
18
287
556
825
94
363
632
901
170
439
708
977
246
515
784
53
322
591
860
129
398
667
936
205
474
743
12
281
550
819
88
357
626
895
164
433
702
971
240
509
778
47
316
585
854
123
392
661
930
199
468
737
6
275
544
813
82
351
620
889
158
427
696
965
234
503
772
41
310
579
848
117
386
655
924
193
462
731
1000
269
538
807
76
345
614
883
152
421
690
959
228
497
766
35
304
573
842
111
380
649
918
187
456
725
994
263
532
801
70
339
608
877
146
415
684
953
222
491
760
29
298
567
836
105
374
643
912
181
450
719
988
257
526
795
64
333
602
871
140
409
678
947
216
485
754
23
292
561
830
99
368
637
906
175
444
713
982
251
520
789
58
327
596
865
134
403
672
941
210
479
748
17
286
555
824
93
362
631
900
169
438
707
976
245
514
