783
1052
1321
1590
1859
2128
2397
2666
2935
3204
3473
3742
4011
4280
4549
4818
5087
5356
5625
5894
6163
6432
6701
6970
7239
7508
7777
8046
8315
8584
8853
9122
9391
9660
9929
198
467
736
1005
1274
1543
1812
2081
2350
2619
2888
3157
3426
3695
3964
4233
4502
4771
5040
5309
5578
5847
6116
6385
6654
6923
7192
7461
7730
7999
8268
8537
8806
9075
9344
9613
9882
151
420
689
958
1227
1496
1765
2034
2303
2572
2841
3110
3379
3648
3917
4186
4455
4724
4993
5262
5531
5800
6069
6338
6607
6876
7145
7414
7683
7952
8221
8490
8759
9028
9297
9566
9835
104
373
642
911
1180
1449
1718
1987
2256
2525
2794
3063
3332
3601
3870
4139
4408
4677
4946
5215
5484
5753
6022
6291
6560
6829
7098
7367
7636
7905
8174
8443
8712
8981
9250
9519
9788
57
326
595
864
1133
1402
1671
1940
2209
2478
2747
3016
3285
3554
3823
4092
4361
4630
4899
5168
5437
5706
5975
6244
6513
6782
7051
7320
7589
7858
8127
8396
8665
8934
9203
9472
9741
10
279
548
817
1086
1355
1624
1893
2162
2431
2700
2969
3238
3507
3776
4045
4314
4583
4852
5121
5390
5659
5928
6197
6466
6735
7004
7273
7542
7811
8080
8349
8618
8887
9156
9425
9694
9963
232
501
770
1039
1308
1577
1846
2115
2384
2653
2922
3191
3460
3729
3998
4267
4536
4805
5074
5343
5612
5881
6150
6419
6688
6957
7226
7495
7764
8033
8302
8571
8840
9109
9378
9647
9916
185
454
723
992
1261
1530
1799
2068
2337
2606
2875
3144
3413
3682
3951
4220
4489
4758
5027
5296
5565
5834
6103
6372
6641
6910
7179
7448
7717
7986
8255
8524
8793
9062
9331
9600
9869
138
407
676
945
1214
1483
1752
2021
2290
2559
2828
3097
3366
3635
3904
4173
4442
4711
4980
5249
5518
5787
6056
6325
6594
6863
7132
7401
7670
7939
8208
8477
8746
9015
9284
9553
9822
91
360
629
898
1167
1436
1705
1974
2243
2512
2781
3050
3319
3588
3857
4126
4395
4664
4933
5202
5471
5740
6009
6278
6547
6816
7085
7354
7623
7892
8161
8430
8699
8968
9237
9506
9775
44
313
582
851
1120
1389
1658
1927
2196
2465
2734
3003
3272
3541
3810
4079
4348
4617
4886
5155
5424
5693
5962
6231
6500
6769
7038
7307
7576
7845
8114
8383
8652
8921
9190
9459
9728
9997
266
535
804
1073
1342
1611
1880
2149
2418
2687
2956
3225
3494
3763
4032
4301
4570
4839
5108
5377
5646
5915
6184
6453
6722
6991
7260
7529
7798
8067
8336
8605
8874
9143
9412
9681
9950
219
488
757
1026
1295
1564
1833
2102
2371
2640
2909
3178
3447
3716
3985
4254
4523
4792
5061
5330
5599
5868
6137
6406
6675
6944
7213
7482
7751
8020
8289
8558
8827
9096
9365
9634
9903
172
441
710
979
1248
1517
1786
2055
2324
2593
2862
3131
3400
3669
3938
4207
4476
4745
5014
5283
5552
5821
6090
6359
6628
6897
7166
7435
7704
7973
8242
8511
8780
9049
9318
9587
9856
125
394
663
932
1201
1470
1739
2008
2277
2546
2815
3084
3353
3622
3891
4160
4429
4698
4967
5236
5505
5774
6043
6312
6581
6850
7119
7388
7657
7926
8195
8464
8733
9002
9271
9540
9809
78
347
616
885
1154
1423
1692
1961
2230
2499
2768
3037
3306
3575
3844
4113
4382
4651
4920
5189
5458
5727
5996
6265
6534
6803
7072
7341
7610
7879
8148
8417
8686
8955
9224
9493
9762
31
300
569
838
1107
1376
1645
1914
2183
2452
2721
2990
3259
3528
3797
4066
4335
4604
4873
5142
5411
5680
5949
6218
6487
6756
7025
7294
7563
7832
8101
8370
8639
8908
9177
9446
9715
9984
253
522
791
1060
1329
1598
1867
2136
2405
2674
2943
3212
3481
3750
4019
4288
4557
4826
5095
5364
5633
5902
6171
6440
6709
6978
7247
7516
7785
8054
8323
8592
8861
9130
9399
9668
9937
206
475
744
1013
1282
1551
1820
2089
2358
2627
2896
3165
3434
3703
3972
4241
4510
4779
5048
5317
5586
5855
6124
6393
6662
6931
7200
7469
7738
8007
8276
8545
8814
9083
9352
9621
9890
159
428
697
966
1235
1504
1773
2042
2311
2580
2849
3118
3387
3656
3925
4194
4463
4732
5001
5270
5539
5808
6077
6346
6615
6884
7153
7422
7691
7960
8229
8498
8767
9036
9305
9574
9843
112
381
650
919
1188
1457
1726
1995
2264
2533
2802
3071
3340
3609
3878
4147
4416
4685
4954
5223
5492
5761
6030
6299
6568
6837
7106
7375
7644
7913
8182
8451
8720
8989
9258
9527
9796
65
334
603
872
1141
1410
1679
1948
2217
2486
2755
3024
3293
3562
3831
4100
4369
4638
4907
5176
5445
5714
5983
6252
6521
6790
7059
7328
7597
7866
8135
8404
8673
8942
9211
9480
9749
18
287
556
825
1094
1363
1632
1901
2170
2439
2708
2977
3246
3515
3784
4053
4322
4591
4860
5129
5398
5667
5936
6205
6474
6743
7012
7281
7550
7819
8088
8357
8626
8895
9164
9433
9702
9971
240
509
778
1047
1316
1585
1854
2123
2392
2661
2930
3199
3468
3737
4006
4275
4544
4813
5082
5351
5620
5889
6158
6427
6696
6965
7234
7503
7772
8041
8310
8579
8848
9117
9386
9655
9924
193
462
731
1000
1269
1538
1807
2076
2345
2614
2883
3152
3421
3690
3959
4228
4497
4766
5035
5304
5573
5842
6111
6380
6649
6918
7187
7456
7725
7994
8263
8532
8801
9070
9339
9608
9877
146
415
684
953
1222
1491
1760
2029
2298
2567
2836
3105
3374
3643
3912
4181
4450
4719
4988
5257
5526
5795
6064
6333
6602
6871
7140
7409
7678
7947
8216
8485
8754
9023
9292
9561
9830
99
368
637
906
1175
1444
1713
1982
2251
2520
2789
3058
3327
3596
3865
4134
4403
4672
4941
5210
5479
5748
6017
6286
6555
6824
7093
7362
7631
7900
8169
8438
8707
8976
9245
9514
9783
52
321
590
859
1128
1397
1666
1935
2204
2473
2742
3011
3280
3549
3818
4087
4356
4625
4894
5163
5432
5701
5970
6239
6508
6777
7046
7315
7584
7853
8122
8391
8660
8929
9198
9467
9736
5
274
543
812
1081
1350
1619
1888
2157
2426
2695
2964
3233
3502
3771
4040
4309
4578
4847
5116
5385
5654
5923
6192
6461
6730
6999
7268
7537
7806
8075
8344
8613
8882
9151
9420
9689
9958
227
496
765
1034
1303
1572
1841
2110
2379
2648
2917
3186
3455
3724
3993
4262
4531
4800
5069
5338
5607
5876
6145
6414
6683
6952
7221
7490
7759
8028
8297
8566
8835
9104
9373
9642
9911
180
449
718
987
1256
1525
1794
2063
2332
2601
2870
3139
3408
3677
3946
4215
4484
4753
5022
5291
5560
5829
6098
6367
6636
6905
7174
7443
7712
7981
8250
8519
8788
9057
9326
9595
9864
133
402
671
940
1209
1478
1747
2016
2285
2554
2823
3092
3361
3630
3899
4168
4437
4706
4975
5244
5513
5782
6051
6320
6589
6858
7127
7396
7665
7934
8203
8472
8741
9010
9279
9548
9817
86
355
624
893
1162
1431
1700
1969
2238
2507
2776
3045
3314
3583
3852
4121
4390
4659
4928
5197
5466
5735
6004
6273
6542
6811
7080
7349
7618
7887
8156
8425
8694
8963
9232
9501
9770
39
308
577
846
1115
1384
1653
1922
2191
2460
2729
2998
3267
3536
3805
4074
4343
4612
4881
5150
5419
5688
5957
6226
6495
6764
7033
7302
7571
7840
8109
8378
8647
8916
9185
9454
9723
9992
261
530
799
1068
1337
1606
1875
2144
2413
2682
2951
3220
3489
3758
4027
4296
4565
4834
5103
5372
5641
5910
6179
6448
6717
6986
7255
7524
7793
8062
8331
8600
8869
9138
9407
9676
9945
214
483
752
1021
1290
1559
1828
2097
2366
2635
2904
3173
3442
3711
3980
4249
4518
4787
5056
5325
5594
5863
6132
6401
6670
6939
7208
7477
7746
8015
8284
8553
8822
9091
9360
9629
9898
167
436
705
974
1243
1512
1781
2050
2319
2588
2857
3126
3395
3664
3933
4202
4471
4740
5009
5278
5547
5816
6085
6354
6623
6892
7161
7430
7699
7968
8237
8506
8775
9044
9313
9582
9851
120
389
658
927
1196
1465
1734
2003
2272
2541
2810
3079
3348
3617
3886
4155
4424
4693
4962
5231
5500
5769
6038
6307
6576
6845
7114
7383
7652
7921
8190
8459
8728
8997
9266
9535
9804
73
342
611
880
1149
1418
1687
1956
2225
2494
2763
3032
3301
3570
3839
4108
4377
4646
4915
5184
5453
5722
5991
6260
6529
6798
7067
7336
7605
7874
8143
8412
8681
8950
9219
9488
9757
26
295
564
833
1102
1371
1640
1909
2178
2447
2716
2985
3254
3523
3792
4061
4330
4599
4868
5137
5406
5675
5944
6213
6482
6751
7020
7289
7558
7827
8096
8365
8634
8903
9172
9441
9710
9979
248
517
786
1055
1324
1593
1862
2131
2400
2669
2938
3207
3476
3745
4014
4283
4552
4821
5090
5359
5628
5897
6166
6435
6704
6973
7242
7511
7780
8049
8318
8587
8856
9125
9394
9663
9932
201
470
739
1008
1277
1546
1815
2084
2353
2622
2891
3160
3429
3698
3967
4236
4505
4774
5043
5312
5581
5850
6119
6388
6657
6926
7195
7464
7733
8002
8271
8540
8809
9078
9347
9616
9885
154
423
692
961
1230
1499
1768
2037
2306
2575
2844
3113
3382
3651
3920
4189
4458
4727
4996
5265
5534
5803
6072
6341
6610
6879
7148
7417
7686
7955
8224
8493
8762
9031
9300
9569
9838
107
376
645
914
1183
1452
1721
1990
2259
2528
2797
3066
3335
3604
3873
4142
4411
4680
4949
5218
5487
5756
6025
6294
6563
6832
7101
7370
7639
7908
8177
8446
8715
8984
9253
9522
9791
60
329
598
867
1136
1405
1674
1943
2212
2481
2750
3019
3288
3557
3826
4095
4364
4633
4902
5171
5440
5709
5978
6247
6516
6785
7054
7323
7592
7861
8130
8399
8668
8937
9206
9475
9744
13
282
551
820
1089
1358
1627
1896
2165
2434
2703
2972
3241
3510
3779
4048
4317
4586
4855
5124
5393
5662
5931
6200
6469
6738
7007
7276
7545
7814
8083
8352
8621
8890
9159
9428
9697
9966
235
504
773
1042
1311
1580
1849
2118
2387
2656
2925
3194
3463
3732
4001
4270
4539
4808
5077
5346
5615
5884
6153
6422
6691
6960
7229
7498
7767
8036
8305
8574
8843
9112
9381
9650
9919
188
457
726
995
1264
1533
1802
2071
2340
2609
2878
3147
3416
3685
3954
4223
4492
4761
5030
5299
5568
5837
6106
6375
6644
6913
7182
7451
7720
7989
8258
8527
8796
9065
9334
9603
9872
141
410
679
948
1217
1486
1755
2024
2293
2562
2831
3100
3369
3638
3907
4176
4445
4714
4983
5252
5521
5790
6059
6328
6597
6866
7135
7404
7673
7942
8211
8480
8749
9018
9287
9556
9825
94
363
632
901
1170
1439
1708
1977
2246
2515
2784
3053
3322
3591
3860
4129
4398
4667
4936
5205
5474
5743
6012
6281
6550
6819
7088
7357
7626
7895
8164
8433
8702
8971
9240
9509
9778
47
316
585
854
1123
1392
1661
1930
2199
2468
2737
3006
3275
3544
3813
4082
4351
4620
4889
5158
5427
5696
5965
6234
6503
6772
7041
7310
7579
7848
8117
8386
8655
8924
9193
9462
9731
10000
269
538
807
1076
1345
1614
1883
2152
2421
2690
2959
3228
3497
3766
4035
4304
4573
4842
5111
5380
5649
5918
6187
6456
6725
6994
7263
7532
7801
8070
8339
8608
8877
9146
9415
9684
9953
222
491
760
1029
1298
1567
1836
2105
2374
2643
2912
3181
3450
3719
3988
4257
4526
4795
5064
5333
5602
5871
6140
6409
6678
6947
7216
7485
7754
8023
8292
8561
8830
9099
9368
9637
9906
175
444
713
982
1251
1520
1789
2058
2327
2596
2865
3134
3403
3672
3941
4210
4479
4748
5017
5286
5555
5824
6093
6362
6631
6900
7169
7438
7707
7976
8245
8514
8783
9052
9321
9590
9859
128
397
666
935
1204
1473
1742
2011
2280
2549
2818
3087
3356
3625
3894
4163
4432
4701
4970
5239
5508
5777
6046
6315
6584
6853
7122
7391
7660
7929
8198
8467
8736
9005
9274
9543
9812
81
350
619
888
1157
1426
1695
1964
2233
2502
2771
3040
3309
3578
3847
4116
4385
4654
4923
5192
5461
5730
5999
6268
6537
6806
7075
7344
7613
7882
8151
8420
8689
8958
9227
9496
9765
34
303
572
841
1110
1379
1648
1917
2186
2455
2724
2993
3262
3531
3800
4069
4338
4607
4876
5145
5414
5683
5952
6221
6490
6759
7028
7297
7566
7835
8104
8373
8642
8911
9180
9449
9718
9987
256
525
794
1063
1332
1601
1870
2139
2408
2677
2946
3215
3484
3753
4022
4291
4560
4829
5098
5367
5636
5905
6174
6443
6712
6981
7250
7519
7788
8057
8326
8595
8864
9133
9402
9671
9940
209
478
747
1016
1285
1554
1823
2092
2361
2630
2899
3168
3437
3706
3975
4244
4513
4782
5051
5320
5589
5858
6127
6396
6665
6934
7203
7472
7741
8010
8279
8548
8817
9086
9355
9624
9893
162
431
700
969
1238
1507
1776
2045
2314
2583
2852
3121
3390
3659
3928
4197
4466
4735
5004
5273
5542
5811
6080
6349
6618
6887
7156
7425
7694
7963
8232
8501
8770
9039
9308
9577
9846
115
384
653
922
1191
1460
1729
1998
2267
2536
2805
3074
3343
3612
3881
4150
4419
4688
4957
5226
5495
5764
6033
6302
6571
6840
7109
7378
7647
7916
8185
8454
8723
8992
9261
9530
9799
68
337
606
875
1144
1413
1682
1951
2220
2489
2758
3027
3296
3565
3834
4103
4372
4641
4910
5179
5448
5717
5986
6255
6524
6793
7062
7331
7600
7869
8138
8407
8676
8945
9214
9483
9752
21
290
559
828
1097
1366
1635
1904
2173
2442
2711
2980
3249
3518
3787
4056
4325
4594
4863
5132
5401
5670
5939
6208
6477
6746
7015
7284
7553
7822
8091
8360
8629
8898
9167
9436
9705
9974
243
512
781
1050
1319
1588
1857
2126
2395
2664
2933
3202
3471
3740
4009
4278
4547
4816
5085
5354
5623
5892
6161
6430
6699
6968
7237
7506
7775
8044
8313
8582
8851
9120
9389
9658
9927
196
465
734
1003
1272
1541
1810
2079
2348
2617
2886
3155
3424
3693
3962
4231
4500
4769
5038
5307
5576
5845
6114
6383
6652
6921
7190
7459
7728
7997
8266
8535
8804
9073
9342
9611
9880
149
418
687
956
1225
1494
1763
2032
2301
2570
2839
3108
3377
3646
3915
4184
4453
4722
4991
5260
5529
5798
6067
6336
6605
6874
7143
7412
7681
7950
8219
8488
8757
9026
9295
9564
9833
102
371
640
909
1178
1447
1716
1985
2254
2523
2792
3061
3330
3599
3868
4137
4406
4675
4944
5213
5482
5751
6020
6289
6558
6827
7096
7365
7634
7903
8172
8441
8710
8979
9248
9517
9786
55
324
593
862
1131
1400
1669
1938
2207
2476
2745
3014
3283
3552
3821
4090
4359
4628
4897
5166
5435
5704
5973
6242
6511
6780
7049
7318
7587
7856
8125
8394
8663
8932
9201
9470
9739
8
277
546
815
1084
1353
1622
1891
2160
2429
2698
2967
3236
3505
3774
4043
4312
4581
4850
5119
5388
5657
5926
6195
6464
6733
7002
7271
7540
7809
8078
8347
8616
8885
9154
9423
9692
9961
230
499
768
1037
1306
1575
1844
2113
2382
2651
2920
3189
3458
3727
3996
4265
4534
4803
5072
5341
5610
5879
6148
6417
6686
6955
7224
7493
7762
8031
8300
8569
8838
9107
9376
9645
9914
183
452
721
990
1259
1528
1797
2066
2335
2604
2873
3142
3411
3680
3949
4218
4487
4756
5025
5294
5563
5832
6101
6370
6639
6908
7177
7446
7715
7984
8253
8522
8791
9060
9329
9598
9867
136
405
674
943
1212
1481
1750
2019
2288
2557
2826
3095
3364
3633
3902
4171
4440
4709
4978
5247
5516
5785
6054
6323
6592
6861
7130
7399
7668
7937
8206
8475
8744
9013
9282
9551
9820
89
358
627
896
1165
1434
1703
1972
2241
2510
2779
3048
3317
3586
3855
4124
4393
4662
4931
5200
5469
5738
6007
6276
6545
6814
7083
7352
7621
7890
8159
8428
8697
8966
9235
9504
9773
42
311
580
849
1118
1387
1656
1925
2194
2463
2732
3001
3270
3539
3808
4077
4346
4615
4884
5153
5422
5691
5960
6229
6498
6767
7036
7305
7574
7843
8112
8381
8650
8919
9188
9457
9726
9995
264
533
802
1071
1340
1609
1878
2147
2416
2685
2954
3223
3492
3761
4030
4299
4568
4837
5106
5375
5644
5913
6182
6451
6720
6989
7258
7527
7796
8065
8334
8603
8872
9141
9410
9679
9948
217
486
755
1024
1293
1562
1831
2100
2369
2638
2907
3176
3445
3714
3983
4252
4521
4790
5059
5328
5597
5866
6135
6404
6673
6942
7211
7480
7749
8018
8287
8556
8825
9094
9363
9632
9901
170
439
708
977
1246
1515
1784
2053
2322
2591
2860
3129
3398
3667
3936
4205
4474
4743
5012
5281
5550
5819
6088
6357
6626
6895
7164
7433
7702
7971
8240
8509
8778
9047
9316
9585
9854
123
392
661
930
1199
1468
1737
2006
2275
2544
2813
3082
3351
3620
3889
4158
4427
4696
4965
5234
5503
5772
6041
6310
6579
6848
7117
7386
7655
7924
8193
8462
8731
9000
9269
9538
9807
76
345
614
883
1152
1421
1690
1959
2228
2497
2766
3035
3304
3573
3842
4111
4380
4649
4918
5187
5456
5725
5994
6263
6532
6801
7070
7339
7608
7877
8146
8415
8684
8953
9222
9491
9760
29
298
567
836
1105
1374
1643
1912
2181
2450
2719
2988
3257
3526
3795
4064
4333
4602
4871
5140
5409
5678
5947
6216
6485
6754
7023
7292
7561
7830
8099
8368
8637
8906
9175
9444
9713
9982
251
520
789
1058
1327
1596
1865
2134
2403
2672
2941
3210
3479
3748
4017
4286
4555
4824
5093
5362
5631
5900
6169
6438
6707
6976
7245
7514
7783
8052
8321
8590
8859
9128
9397
9666
9935
204
473
742
1011
1280
1549
1818
2087
2356
2625
2894
3163
3432
3701
3970
4239
4508
4777
5046
5315
5584
5853
6122
6391
6660
6929
7198
7467
7736
8005
8274
8543
8812
9081
9350
9619
9888
157
426
695
964
1233
1502
1771
2040
2309
2578
2847
3116
3385
3654
3923
4192
4461
4730
4999
5268
5537
5806
6075
6344
6613
6882
7151
7420
7689
7958
8227
8496
8765
9034
9303
9572
9841
110
379
648
917
1186
1455
1724
1993
2262
2531
2800
3069
3338
3607
3876
4145
4414
4683
4952
5221
5490
5759
6028
6297
6566
6835
7104
7373
7642
7911
8180
8449
8718
8987
9256
9525
9794
63
332
601
870
1139
1408
1677
1946
2215
2484
2753
3022
3291
3560
3829
4098
4367
4636
4905
5174
5443
5712
5981
6250
6519
6788
7057
7326
7595
7864
8133
8402
8671
8940
9209
9478
9747
16
285
554
823
1092
1361
1630
1899
2168
2437
2706
2975
3244
3513
3782
4051
4320
4589
4858
5127
5396
5665
5934
6203
6472
6741
7010
7279
7548
7817
8086
8355
8624
8893
9162
9431
9700
9969
238
507
776
1045
1314
1583
1852
2121
2390
2659
2928
3197
3466
3735
4004
4273
4542
4811
5080
5349
5618
5887
6156
6425
6694
6963
7232
7501
7770
8039
8308
8577
8846
9115
9384
9653
9922
191
460
729
998
1267
1536
1805
2074
2343
2612
2881
3150
3419
3688
3957
4226
4495
4764
5033
5302
5571
5840
6109
6378
6647
6916
7185
7454
7723
7992
8261
8530
8799
9068
9337
9606
9875
144
413
682
951
1220
1489
1758
2027
2296
2565
2834
3103
3372
3641
3910
4179
4448
4717
4986
5255
5524
5793
6062
6331
6600
6869
7138
7407
7676
7945
8214
8483
8752
9021
9290
9559
9828
97
366
635
904
1173
1442
1711
1980
2249
2518
2787
3056
3325
3594
3863
4132
4401
4670
4939
5208
5477
5746
6015
6284
6553
6822
7091
7360
7629
7898
8167
8436
8705
8974
9243
9512
9781
50
319
588
857
1126
1395
1664
1933
2202
2471
2740
3009
3278
3547
3816
4085
4354
4623
4892
5161
5430
5699
5968
6237
6506
6775
7044
7313
7582
7851
8120
8389
8658
8927
9196
9465
9734
3
272
541
810
1079
1348
1617
1886
2155
2424
2693
2962
3231
3500
3769
4038
4307
4576
4845
5114
5383
5652
5921
6190
6459
6728
6997
7266
7535
7804
8073
8342
8611
8880
9149
9418
9687
9956
225
494
763
1032
1301
1570
1839
2108
2377
2646
2915
3184
3453
3722
3991
4260
4529
4798
5067
5336
5605
5874
6143
6412
6681
6950
7219
7488
7757
8026
8295
8564
8833
9102
9371
9640
9909
178
447
716
985
1254
1523
1792
2061
2330
2599
2868
3137
3406
3675
3944
4213
4482
4751
5020
5289
5558
5827
6096
6365
6634
6903
7172
7441
7710
7979
8248
8517
8786
9055
9324
9593
9862
131
400
669
938
1207
1476
1745
2014
2283
2552
2821
3090
3359
3628
3897
4166
4435
4704
4973
5242
5511
5780
6049
6318
6587
6856
7125
7394
7663
7932
8201
8470
8739
9008
9277
9546
9815
84
353
622
891
1160
1429
1698
1967
2236
2505
2774
3043
3312
3581
3850
4119
4388
4657
4926
5195
5464
5733
6002
6271
6540
6809
7078
7347
7616
7885
8154
8423
8692
8961
9230
9499
9768
37
306
575
844
1113
1382
1651
1920
2189
2458
2727
2996
3265
3534
3803
4072
4341
4610
4879
5148
5417
5686
5955
6224
6493
6762
7031
7300
7569
7838
8107
8376
8645
8914
9183
9452
9721
9990
259
528
797
1066
1335
1604
1873
2142
2411
2680
2949
3218
3487
3756
4025
4294
4563
4832
5101
5370
5639
5908
6177
6446
6715
6984
7253
7522
7791
8060
8329
8598
8867
9136
9405
9674
9943
212
481
750
1019
1288
1557
1826
2095
2364
2633
2902
3171
3440
3709
3978
4247
4516
4785
5054
5323
5592
5861
6130
6399
6668
6937
7206
7475
7744
8013
8282
8551
8820
9089
9358
9627
9896
165
434
703
972
1241
1510
1779
2048
2317
2586
2855
3124
3393
3662
3931
4200
4469
4738
5007
5276
5545
5814
6083
6352
6621
6890
7159
7428
7697
7966
8235
8504
8773
9042
9311
9580
9849
118
387
656
925
1194
1463
1732
2001
2270
2539
2808
3077
3346
3615
3884
4153
4422
4691
4960
5229
5498
5767
6036
6305
6574
6843
7112
7381
7650
7919
8188
8457
8726
8995
9264
9533
9802
71
340
609
878
1147
1416
1685
1954
2223
2492
2761
3030
3299
3568
3837
4106
4375
4644
4913
5182
5451
5720
5989
6258
6527
6796
7065
7334
7603
7872
8141
8410
8679
8948
9217
9486
9755
24
293
562
831
1100
1369
1638
1907
2176
2445
2714
2983
3252
3521
3790
4059
4328
4597
4866
5135
5404
5673
5942
6211
6480
6749
7018
7287
7556
7825
8094
8363
8632
8901
9170
9439
9708
9977
246
515
784
1053
1322
1591
1860
2129
2398
2667
2936
3205
3474
3743
4012
4281
4550
4819
5088
5357
5626
5895
6164
6433
6702
6971
7240
7509
7778
8047
8316
8585
8854
9123
9392
9661
9930
199
468
737
1006
1275
1544
1813
2082
2351
2620
2889
3158
3427
3696
3965
4234
4503
4772
5041
5310
5579
5848
6117
6386
6655
6924
7193
7462
7731
8000
8269
8538
8807
9076
9345
9614
9883
152
421
690
959
1228
1497
1766
2035
2304
2573
2842
3111
3380
3649
3918
4187
4456
4725
4994
5263
5532
5801
6070
6339
6608
6877
7146
7415
7684
7953
8222
8491
8760
9029
9298
9567
9836
105
374
643
912
1181
1450
1719
1988
2257
2526
2795
3064
3333
3602
3871
4140
4409
4678
4947
5216
5485
5754
6023
6292
6561
6830
7099
7368
7637
7906
8175
8444
8713
8982
9251
9520
9789
58
327
596
865
1134
1403
1672
1941
2210
2479
2748
3017
3286
3555
3824
4093
4362
4631
4900
5169
5438
5707
5976
6245
6514
6783
7052
7321
7590
7859
8128
8397
8666
8935
9204
9473
9742
11
280
549
818
1087
1356
1625
1894
2163
2432
2701
2970
3239
3508
3777
4046
4315
4584
4853
5122
5391
5660
5929
6198
6467
6736
7005
7274
7543
7812
8081
8350
8619
8888
9157
9426
9695
9964
233
502
771
1040
1309
1578
1847
2116
2385
2654
2923
3192
3461
3730
3999
4268
4537
4806
5075
5344
5613
5882
6151
6420
6689
6958
7227
7496
7765
8034
8303
8572
8841
9110
9379
9648
9917
186
455
724
993
1262
1531
1800
2069
2338
2607
2876
3145
3414
3683
3952
4221
4490
4759
5028
5297
5566
5835
6104
6373
6642
6911
7180
7449
7718
7987
8256
8525
8794
9063
9332
9601
9870
139
408
677
946
1215
1484
1753
2022
2291
2560
2829
3098
3367
3636
3905
4174
4443
4712
4981
5250
5519
5788
6057
6326
6595
6864
7133
7402
7671
7940
8209
8478
8747
9016
9285
9554
9823
92
361
630
899
1168
1437
1706
1975
2244
2513
2782
3051
3320
3589
3858
4127
4396
4665
4934
5203
5472
5741
6010
6279
6548
6817
7086
7355
7624
7893
8162
8431
8700
8969
9238
9507
9776
45
314
583
852
1121
1390
1659
1928
2197
2466
2735
3004
3273
3542
3811
4080
4349
4618
4887
5156
5425
5694
5963
6232
6501
6770
7039
7308
7577
7846
8115
8384
8653
8922
9191
9460
9729
9998
267
536
805
1074
1343
1612
1881
2150
2419
2688
2957
3226
3495
3764
4033
4302
4571
4840
5109
5378
5647
5916
6185
6454
6723
6992
7261
7530
7799
8068
8337
8606
8875
9144
9413
9682
9951
220
489
758
1027
1296
1565
1834
2103
2372
2641
2910
3179
3448
3717
3986
4255
4524
4793
5062
5331
5600
5869
6138
6407
6676
6945
7214
7483
7752
8021
8290
8559
8828
9097
9366
9635
9904
173
442
711
980
1249
1518
1787
2056
2325
2594
2863
3132
3401
3670
3939
4208
4477
4746
5015
5284
5553
5822
6091
6360
6629
6898
7167
7436
7705
7974
8243
8512
8781
9050
9319
9588
9857
126
395
664
933
1202
1471
1740
2009
2278
2547
2816
3085
3354
3623
3892
4161
4430
4699
4968
5237
5506
5775
6044
6313
6582
6851
7120
7389
7658
7927
8196
8465
8734
9003
9272
9541
9810
79
348
617
886
1155
1424
1693
1962
2231
2500
2769
3038
3307
3576
3845
4114
4383
4652
4921
5190
5459
5728
5997
6266
6535
6804
7073
7342
7611
7880
8149
8418
8687
8956
9225
9494
9763
32
301
570
839
1108
1377
1646
1915
2184
2453
2722
2991
3260
3529
3798
4067
4336
4605
4874
5143
5412
5681
5950
6219
6488
6757
7026
7295
7564
7833
8102
8371
8640
8909
9178
9447
9716
9985
254
523
792
1061
1330
1599
1868
2137
2406
2675
2944
3213
3482
3751
4020
4289
4558
4827
5096
5365
5634
5903
6172
6441
6710
6979
7248
7517
7786
8055
8324
8593
8862
9131
9400
9669
9938
207
476
745
1014
1283
1552
1821
2090
2359
2628
2897
3166
3435
3704
3973
4242
4511
4780
5049
5318
5587
5856
6125
6394
6663
6932
7201
7470
7739
8008
8277
8546
8815
9084
9353
9622
9891
160
429
698
967
1236
1505
1774
2043
2312
2581
2850
3119
3388
3657
3926
4195
4464
4733
5002
5271
5540
5809
6078
6347
6616
6885
7154
7423
7692
7961
8230
8499
8768
9037
9306
9575
9844
113
382
651
920
1189
1458
1727
1996
2265
2534
2803
3072
3341
3610
3879
4148
4417
4686
4955
5224
5493
5762
6031
6300
6569
6838
7107
7376
7645
7914
8183
8452
8721
8990
9259
9528
9797
66
335
604
873
1142
1411
1680
1949
2218
2487
2756
3025
3294
3563
3832
4101
4370
4639
4908
5177
5446
5715
5984
6253
6522
6791
7060
7329
7598
7867
8136
8405
8674
8943
9212
9481
9750
19
288
557
826
1095
1364
1633
1902
2171
2440
2709
2978
3247
3516
3785
4054
4323
4592
4861
5130
5399
5668
5937
6206
6475
6744
7013
7282
7551
7820
8089
8358
8627
8896
9165
9434
9703
9972
241
510
779
1048
1317
1586
1855
2124
2393
2662
2931
3200
3469
3738
4007
4276
4545
4814
5083
5352
5621
5890
6159
6428
6697
6966
7235
7504
7773
8042
8311
8580
8849
9118
9387
9656
9925
194
463
732
1001
1270
1539
1808
2077
2346
2615
2884
3153
3422
3691
3960
4229
4498
4767
5036
5305
5574
5843
6112
6381
6650
6919
7188
7457
7726
7995
8264
8533
8802
9071
9340
9609
9878
147
416
685
954
1223
1492
1761
2030
2299
2568
2837
3106
3375
3644
3913
4182
4451
4720
4989
5258
5527
5796
6065
6334
6603
6872
7141
7410
7679
7948
8217
8486
8755
9024
9293
9562
9831
100
369
638
907
1176
1445
1714
1983
2252
2521
2790
3059
3328
3597
3866
4135
4404
4673
4942
5211
5480
5749
6018
6287
6556
6825
7094
7363
7632
7901
8170
8439
8708
8977
9246
9515
9784
53
322
591
860
1129
1398
1667
1936
2205
2474
2743
3012
3281
3550
3819
4088
4357
4626
4895
5164
5433
5702
5971
6240
6509
6778
7047
7316
7585
7854
8123
8392
8661
8930
9199
9468
9737
6
275
544
813
1082
1351
1620
1889
2158
2427
2696
2965
3234
3503
3772
4041
4310
4579
4848
5117
5386
5655
5924
6193
6462
6731
7000
7269
7538
7807
8076
8345
8614
8883
9152
9421
9690
9959
228
497
766
1035
1304
1573
1842
2111
2380
2649
2918
3187
3456
3725
3994
4263
4532
4801
5070
5339
5608
5877
6146
6415
6684
6953
7222
7491
7760
8029
8298
8567
8836
9105
9374
9643
9912
181
450
719
988
1257
1526
1795
2064
2333
2602
2871
3140
3409
3678
3947
4216
4485
4754
5023
5292
5561
5830
6099
6368
6637
6906
7175
7444
7713
7982
8251
8520
8789
9058
9327
9596
9865
134
403
672
941
1210
1479
1748
2017
2286
2555
2824
3093
3362
3631
3900
4169
4438
4707
4976
5245
5514
5783
6052
6321
6590
6859
7128
7397
7666
7935
8204
8473
8742
9011
9280
9549
9818
87
356
625
894
1163
1432
1701
1970
2239
2508
2777
3046
3315
3584
3853
4122
4391
4660
4929
5198
5467
5736
6005
6274
6543
6812
7081
7350
7619
7888
8157
8426
8695
8964
9233
9502
9771
40
309
578
847
1116
1385
1654
1923
2192
2461
2730
2999
3268
3537
3806
4075
4344
4613
4882
5151
5420
5689
5958
6227
6496
6765
7034
7303
7572
7841
8110
8379
8648
8917
9186
9455
9724
9993
262
531
800
1069
1338
1607
1876
2145
2414
2683
2952
3221
3490
3759
4028
4297
4566
4835
5104
5373
5642
5911
6180
6449
6718
6987
7256
7525
7794
8063
8332
8601
8870
9139
9408
9677
9946
215
484
753
1022
1291
1560
1829
2098
2367
2636
2905
3174
3443
3712
3981
4250
4519
4788
5057
5326
5595
5864
6133
6402
6671
6940
7209
7478
7747
8016
8285
8554
8823
9092
9361
9630
9899
168
437
706
975
1244
1513
1782
2051
2320
2589
2858
3127
3396
3665
3934
4203
4472
4741
5010
5279
5548
5817
6086
6355
6624
6893
7162
7431
7700
7969
8238
8507
8776
9045
9314
9583
9852
121
390
659
928
1197
1466
1735
2004
2273
2542
2811
3080
3349
3618
3887
4156
4425
4694
4963
5232
5501
5770
6039
6308
6577
6846
7115
7384
7653
7922
8191
8460
8729
8998
9267
9536
9805
74
343
612
881
1150
1419
1688
1957
2226
2495
2764
3033
3302
3571
3840
4109
4378
4647
4916
5185
5454
5723
5992
6261
6530
6799
7068
7337
7606
7875
8144
8413
8682
8951
9220
9489
9758
27
296
565
834
1103
1372
1641
1910
2179
2448
2717
2986
3255
3524
3793
4062
4331
4600
4869
5138
5407
5676
5945
6214
6483
6752
7021
7290
7559
7828
8097
8366
8635
8904
9173
9442
9711
9980
249
518
787
1056
1325
1594
1863
2132
2401
2670
2939
3208
3477
3746
4015
4284
4553
4822
5091
5360
5629
5898
6167
6436
6705
6974
7243
7512
7781
8050
8319
8588
8857
9126
9395
9664
9933
202
471
740
1009
1278
1547
1816
2085
2354
2623
2892
3161
3430
3699
3968
4237
4506
4775
5044
5313
5582
5851
6120
6389
6658
6927
7196
7465
7734
8003
8272
8541
8810
9079
9348
9617
9886
155
424
693
962
1231
1500
1769
2038
2307
2576
2845
3114
3383
3652
3921
4190
4459
4728
4997
5266
5535
5804
6073
6342
6611
6880
7149
7418
7687
7956
8225
8494
8763
9032
9301
9570
9839
108
377
646
915
1184
1453
1722
1991
2260
2529
2798
3067
3336
3605
3874
4143
4412
4681
4950
5219
5488
5757
6026
6295
6564
6833
7102
7371
7640
7909
8178
8447
8716
8985
9254
9523
9792
61
330
599
868
1137
1406
1675
1944
2213
2482
2751
3020
3289
3558
3827
4096
4365
4634
4903
5172
5441
5710
5979
6248
6517
6786
7055
7324
7593
7862
8131
8400
8669
8938
9207
9476
9745
14
283
552
821
1090
1359
1628
1897
2166
2435
2704
2973
3242
3511
3780
4049
4318
4587
4856
5125
5394
5663
5932
6201
6470
6739
7008
7277
7546
7815
8084
8353
8622
8891
9160
9429
9698
9967
236
505
774
1043
1312
1581
1850
2119
2388
2657
2926
3195
3464
3733
4002
4271
4540
4809
5078
5347
5616
5885
6154
6423
6692
6961
7230
7499
7768
8037
8306
8575
8844
9113
9382
9651
9920
189
458
727
996
1265
1534
1803
2072
2341
2610
2879
3148
3417
3686
3955
4224
4493
4762
5031
5300
5569
5838
6107
6376
6645
6914
7183
7452
7721
7990
8259
8528
8797
9066
9335
9604
9873
142
411
680
949
1218
1487
1756
2025
2294
2563
2832
3101
3370
3639
3908
4177
4446
4715
4984
5253
5522
5791
6060
6329
6598
6867
7136
7405
7674
7943
8212
8481
8750
9019
9288
9557
9826
95
364
633
902
1171
1440
1709
1978
2247
2516
2785
3054
3323
3592
3861
4130
4399
4668
4937
5206
5475
5744
6013
6282
6551
6820
7089
7358
7627
7896
8165
8434
8703
8972
9241
9510
9779
48
317
586
855
1124
1393
1662
1931
2200
2469
2738
3007
3276
3545
3814
4083
4352
4621
4890
5159
5428
5697
5966
6235
6504
6773
7042
7311
7580
7849
8118
8387
8656
8925
9194
9463
9732
1
270
539
808
1077
1346
1615
1884
2153
2422
2691
2960
3229
3498
3767
4036
4305
4574
4843
5112
5381
5650
5919
6188
6457
6726
6995
7264
7533
7802
8071
8340
8609
8878
9147
9416
9685
9954
223
492
761
1030
1299
1568
1837
2106
2375
2644
2913
3182
3451
3720
3989
4258
4527
4796
5065
5334
5603
5872
6141
6410
6679
6948
7217
7486
7755
8024
8293
8562
8831
9100
9369
9638
9907
176
445
714
983
1252
1521
1790
2059
2328
2597
2866
3135
3404
3673
3942
4211
4480
4749
5018
5287
5556
5825
6094
6363
6632
6901
7170
7439
7708
7977
8246
8515
8784
9053
9322
9591
9860
129
398
667
936
1205
1474
1743
2012
2281
2550
2819
3088
3357
3626
3895
4164
4433
4702
4971
5240
5509
5778
6047
6316
6585
6854
7123
7392
7661
7930
8199
8468
8737
9006
9275
9544
9813
82
351
620
889
1158
1427
1696
1965
2234
2503
2772
3041
3310
3579
3848
4117
4386
4655
4924
5193
5462
5731
6000
6269
6538
6807
7076
7345
7614
7883
8152
8421
8690
8959
9228
9497
9766
35
304
573
842
1111
1380
1649
1918
2187
2456
2725
2994
3263
3532
3801
4070
4339
4608
4877
5146
5415
5684
5953
6222
6491
6760
7029
7298
7567
7836
8105
8374
8643
8912
9181
9450
9719
9988
257
526
795
1064
1333
1602
1871
2140
2409
2678
2947
3216
3485
3754
4023
4292
4561
4830
5099
5368
5637
5906
6175
6444
6713
6982
7251
7520
7789
8058
8327
8596
8865
9134
9403
9672
9941
210
479
748
1017
1286
1555
1824
2093
2362
2631
2900
3169
3438
3707
3976
4245
4514
4783
5052
5321
5590
5859
6128
6397
6666
6935
7204
7473
7742
8011
8280
8549
8818
9087
9356
9625
9894
163
432
701
970
1239
1508
1777
2046
2315
2584
2853
3122
3391
3660
3929
4198
4467
4736
5005
5274
5543
5812
6081
6350
6619
6888
7157
7426
7695
7964
8233
8502
8771
9040
9309
9578
9847
116
385
654
923
1192
1461
1730
1999
2268
2537
2806
3075
3344
3613
3882
4151
4420
4689
4958
5227
5496
5765
6034
6303
6572
6841
7110
7379
7648
7917
8186
8455
8724
8993
9262
9531
9800
69
338
607
876
1145
1414
1683
1952
2221
2490
2759
3028
3297
3566
3835
4104
4373
4642
4911
5180
5449
5718
5987
6256
6525
6794
7063
7332
7601
7870
8139
8408
8677
8946
9215
9484
9753
22
291
560
829
1098
1367
1636
1905
2174
2443
2712
2981
3250
3519
3788
4057
4326
4595
4864
5133
5402
5671
5940
6209
6478
6747
7016
7285
7554
7823
8092
8361
8630
8899
9168
9437
9706
9975
244
513
782
1051
1320
1589
1858
2127
2396
2665
2934
3203
3472
3741
4010
4279
4548
4817
5086
5355
5624
5893
6162
6431
6700
6969
7238
7507
7776
8045
8314
8583
8852
9121
9390
9659
9928
197
466
735
1004
1273
1542
1811
2080
2349
2618
2887
3156
3425
3694
3963
4232
4501
4770
5039
5308
5577
5846
6115
6384
6653
6922
7191
7460
7729
7998
8267
8536
8805
9074
9343
9612
9881
150
419
688
957
1226
1495
1764
2033
2302
2571
2840
3109
3378
3647
3916
4185
4454
4723
4992
5261
5530
5799
6068
6337
6606
6875
7144
7413
7682
7951
8220
8489
8758
9027
9296
9565
9834
103
372
641
910
1179
1448
1717
1986
2255
2524
2793
3062
3331
3600
3869
4138
4407
4676
4945
5214
5483
5752
6021
6290
6559
6828
7097
7366
7635
7904
8173
8442
8711
8980
9249
9518
9787
56
325
594
863
1132
1401
1670
1939
2208
2477
2746
3015
3284
3553
3822
4091
4360
4629
4898
5167
5436
5705
5974
6243
6512
6781
7050
7319
7588
7857
8126
8395
8664
8933
9202
9471
9740
9
278
547
816
1085
1354
1623
1892
2161
2430
2699
2968
3237
3506
3775
4044
4313
4582
4851
5120
5389
5658
5927
6196
6465
6734
7003
7272
7541
7810
8079
8348
8617
8886
9155
9424
9693
9962
231
500
769
1038
1307
1576
1845
2114
2383
2652
2921
3190
3459
3728
3997
4266
4535
4804
5073
5342
5611
5880
6149
6418
6687
6956
7225
7494
7763
8032
8301
8570
8839
9108
9377
9646
9915
184
453
722
991
1260
1529
1798
2067
2336
2605
2874
3143
3412
3681
3950
4219
4488
4757
5026
5295
5564
5833
6102
6371
6640
6909
7178
7447
7716
7985
8254
8523
8792
9061
9330
9599
9868
137
406
675
944
1213
1482
1751
2020
2289
2558
2827
3096
3365
3634
3903
4172
4441
4710
4979
5248
5517
5786
6055
6324
6593
6862
7131
7400
7669
7938
8207
8476
8745
9014
9283
9552
9821
90
359
628
897
1166
1435
1704
1973
2242
2511
2780
3049
3318
3587
3856
4125
4394
4663
4932
5201
5470
5739
6008
6277
6546
6815
7084
7353
7622
7891
8160
8429
8698
8967
9236
9505
9774
43
312
581
850
1119
1388
1657
1926
2195
2464
2733
3002
3271
3540
3809
4078
4347
4616
4885
5154
5423
5692
5961
6230
6499
6768
7037
7306
7575
7844
8113
8382
8651
8920
9189
9458
9727
9996
265
534
803
1072
1341
1610
1879
2148
2417
2686
2955
3224
3493
3762
4031
4300
4569
4838
5107
5376
5645
5914
6183
6452
6721
6990
7259
7528
7797
8066
8335
8604
8873
9142
9411
9680
9949
218
487
756
1025
1294
1563
1832
2101
2370
2639
2908
3177
3446
3715
3984
4253
4522
4791
5060
5329
5598
5867
6136
6405
6674
6943
7212
7481
7750
8019
8288
8557
8826
9095
9364
9633
9902
171
440
709
978
1247
1516
1785
2054
2323
2592
2861
3130
3399
3668
3937
4206
4475
4744
5013
5282
5551
5820
6089
6358
6627
6896
7165
7434
7703
7972
8241
8510
8779
9048
9317
9586
9855
124
393
662
931
1200
1469
1738
2007
2276
2545
2814
3083
3352
3621
3890
4159
4428
4697
4966
5235
5504
5773
6042
6311
6580
6849
7118
7387
7656
7925
8194
8463
8732
9001
9270
9539
9808
77
346
615
884
1153
1422
1691
1960
2229
2498
2767
3036
3305
3574
3843
4112
4381
4650
4919
5188
5457
5726
5995
6264
6533
6802
7071
7340
7609
7878
8147
8416
8685
8954
9223
9492
9761
30
299
568
837
1106
1375
1644
1913
2182
2451
2720
2989
3258
3527
3796
4065
4334
4603
4872
5141
5410
5679
5948
6217
6486
6755
7024
7293
7562
7831
8100
8369
8638
8907
9176
9445
9714
9983
252
521
790
1059
1328
1597
1866
2135
2404
2673
2942
3211
3480
3749
4018
4287
4556
4825
5094
5363
5632
5901
6170
6439
6708
6977
7246
7515
7784
8053
8322
8591
8860
9129
9398
9667
9936
205
474
743
1012
1281
1550
1819
2088
2357
2626
2895
3164
3433
3702
3971
4240
4509
4778
5047
5316
5585
5854
6123
6392
6661
6930
7199
7468
7737
8006
8275
8544
8813
9082
9351
9620
9889
158
427
696
965
1234
1503
1772
2041
2310
2579
2848
3117
3386
3655
3924
4193
4462
4731
5000
5269
5538
5807
6076
6345
6614
6883
7152
7421
7690
7959
8228
8497
8766
9035
9304
9573
9842
111
380
649
918
1187
1456
1725
1994
2263
2532
2801
3070
3339
3608
3877
4146
4415
4684
4953
5222
5491
5760
6029
6298
6567
6836
7105
7374
7643
7912
8181
8450
8719
8988
9257
9526
9795
64
333
602
871
1140
1409
1678
1947
2216
2485
2754
3023
3292
3561
3830
4099
4368
4637
4906
5175
5444
5713
5982
6251
6520
6789
7058
7327
7596
7865
8134
8403
8672
8941
9210
9479
9748
17
286
555
824
1093
1362
1631
1900
2169
2438
2707
2976
3245
3514
3783
4052
4321
4590
4859
5128
5397
5666
5935
6204
6473
6742
7011
7280
7549
7818
8087
8356
8625
8894
9163
9432
9701
9970
239
508
777
1046
1315
1584
1853
2122
2391
2660
2929
3198
3467
3736
4005
4274
4543
4812
5081
5350
5619
5888
6157
6426
6695
6964
7233
7502
7771
8040
8309
8578
8847
9116
9385
9654
9923
192
461
730
999
1268
1537
1806
2075
2344
2613
2882
3151
3420
3689
3958
4227
4496
4765
5034
5303
5572
5841
6110
6379
6648
6917
7186
7455
7724
7993
8262
8531
8800
9069
9338
9607
9876
145
414
683
952
1221
1490
1759
2028
2297
2566
2835
3104
3373
3642
3911
4180
4449
4718
4987
5256
5525
5794
6063
6332
6601
6870
7139
7408
7677
7946
8215
8484
8753
9022
9291
9560
9829
98
367
636
905
1174
1443
1712
1981
2250
2519
2788
3057
3326
3595
3864
4133
4402
4671
4940
5209
5478
5747
6016
6285
6554
6823
7092
7361
7630
7899
8168
8437
8706
8975
9244
9513
9782
51
320
589
858
1127
1396
1665
1934
2203
2472
2741
3010
3279
3548
3817
4086
4355
4624
4893
5162
5431
5700
5969
6238
6507
6776
7045
7314
7583
7852
8121
8390
8659
8928
9197
9466
9735
4
273
542
811
1080
1349
1618
1887
2156
2425
2694
2963
3232
3501
3770
4039
4308
4577
4846
5115
5384
5653
5922
6191
6460
6729
6998
7267
7536
7805
8074
8343
8612
8881
9150
9419
9688
9957
226
495
764
1033
1302
1571
1840
2109
2378
2647
2916
3185
3454
3723
3992
4261
4530
4799
5068
5337
5606
5875
6144
6413
6682
6951
7220
7489
7758
8027
8296
8565
8834
9103
9372
9641
9910
179
448
717
986
1255
1524
1793
2062
2331
2600
2869
3138
3407
3676
3945
4214
4483
4752
5021
5290
5559
5828
6097
6366
6635
6904
7173
7442
7711
7980
8249
8518
8787
9056
9325
9594
9863
132
401
670
939
1208
1477
1746
2015
2284
2553
2822
3091
3360
3629
3898
4167
4436
4705
4974
5243
5512
5781
6050
6319
6588
6857
7126
7395
7664
7933
8202
8471
8740
9009
9278
9547
9816
85
354
623
892
1161
1430
1699
1968
2237
2506
2775
3044
3313
3582
3851
4120
4389
4658
4927
5196
5465
5734
6003
6272
6541
6810
7079
7348
7617
7886
8155
8424
8693
8962
9231
9500
9769
38
307
576
845
1114
1383
1652
1921
2190
2459
2728
2997
3266
3535
3804
4073
4342
4611
4880
5149
5418
5687
5956
6225
6494
6763
7032
7301
7570
7839
8108
8377
8646
8915
9184
9453
9722
9991
260
529
798
1067
1336
1605
1874
2143
2412
2681
2950
3219
3488
3757
4026
4295
4564
4833
5102
5371
5640
5909
6178
6447
6716
6985
7254
7523
7792
8061
8330
8599
8868
9137
9406
9675
9944
213
482
751
1020
1289
1558
1827
2096
2365
2634
2903
3172
3441
3710
3979
4248
4517
4786
5055
5324
5593
5862
6131
6400
6669
6938
7207
7476
7745
8014
8283
8552
8821
9090
9359
9628
9897
166
435
704
973
1242
1511
1780
2049
2318
2587
2856
3125
3394
3663
3932
4201
4470
4739
5008
5277
5546
5815
6084
6353
6622
6891
7160
7429
7698
7967
8236
8505
8774
9043
9312
9581
9850
119
388
657
926
1195
1464
1733
2002
2271
2540
2809
3078
3347
3616
3885
4154
4423
4692
4961
5230
5499
5768
6037
6306
6575
6844
7113
7382
7651
7920
8189
8458
8727
8996
9265
9534
9803
72
341
610
879
1148
1417
1686
1955
2224
2493
2762
3031
3300
3569
3838
4107
4376
4645
4914
5183
5452
5721
5990
6259
6528
6797
7066
7335
7604
7873
8142
8411
8680
8949
9218
9487
9756
25
294
563
832
1101
1370
1639
1908
2177
2446
2715
2984
3253
3522
3791
4060
4329
4598
4867
5136
5405
5674
5943
6212
6481
6750
7019
7288
7557
7826
8095
8364
8633
8902
9171
9440
9709
9978
247
516
785
1054
1323
1592
1861
2130
2399
2668
2937
3206
3475
3744
4013
4282
4551
4820
5089
5358
5627
5896
6165
6434
6703
6972
7241
7510
7779
8048
8317
8586
8855
9124
9393
9662
9931
200
469
738
1007
1276
1545
1814
2083
2352
2621
2890
3159
3428
3697
3966
4235
4504
4773
5042
5311
5580
5849
6118
6387
6656
6925
7194
7463
7732
8001
8270
8539
8808
9077
9346
9615
9884
153
422
691
960
1229
1498
1767
2036
2305
2574
2843
3112
3381
3650
3919
4188
4457
4726
4995
5264
5533
5802
6071
6340
6609
6878
7147
7416
7685
7954
8223
8492
8761
9030
9299
9568
9837
106
375
644
913
1182
1451
1720
1989
2258
2527
2796
3065
3334
3603
3872
4141
4410
4679
4948
5217
5486
5755
6024
6293
6562
6831
7100
7369
7638
7907
8176
8445
8714
8983
9252
9521
9790
59
328
597
866
1135
1404
1673
1942
2211
2480
2749
3018
3287
3556
3825
4094
4363
4632
4901
5170
5439
5708
5977
6246
6515
6784
7053
7322
7591
7860
8129
8398
8667
8936
9205
9474
9743
12
281
550
819
1088
1357
1626
1895
2164
2433
2702
2971
3240
3509
3778
4047
4316
4585
4854
5123
5392
5661
5930
6199
6468
6737
7006
7275
7544
7813
8082
8351
8620
8889
9158
9427
9696
9965
234
503
772
1041
1310
1579
1848
2117
2386
2655
2924
3193
3462
3731
4000
4269
4538
4807
5076
5345
5614
5883
6152
6421
6690
6959
7228
7497
7766
8035
8304
8573
8842
9111
9380
9649
9918
187
456
725
994
1263
1532
1801
2070
2339
2608
2877
3146
3415
3684
3953
4222
4491
4760
5029
5298
5567
5836
6105
6374
6643
6912
7181
7450
7719
7988
8257
8526
8795
9064
9333
9602
9871
140
409
678
947
1216
1485
1754
2023
2292
2561
2830
3099
3368
3637
3906
4175
4444
4713
4982
5251
5520
5789
6058
6327
6596
6865
7134
7403
7672
7941
8210
8479
8748
9017
9286
9555
9824
93
362
631
900
1169
1438
1707
1976
2245
2514
2783
3052
3321
3590
3859
4128
4397
4666
4935
5204
5473
5742
6011
6280
6549
6818
7087
7356
7625
7894
8163
8432
8701
8970
9239
9508
9777
46
315
584
853
1122
1391
1660
1929
2198
2467
2736
3005
3274
3543
3812
4081
4350
4619
4888
5157
5426
5695
5964
6233
6502
6771
7040
7309
7578
7847
8116
8385
8654
8923
9192
9461
9730
9999
268
537
806
1075
1344
1613
1882
2151
2420
2689
2958
3227
3496
3765
4034
4303
4572
4841
5110
5379
5648
5917
6186
6455
6724
6993
7262
7531
7800
8069
8338
8607
8876
9145
9414
9683
9952
221
490
759
1028
1297
1566
1835
2104
2373
2642
2911
3180
3449
3718
3987
4256
4525
4794
5063
5332
5601
5870
6139
6408
6677
6946
7215
7484
7753
8022
8291
8560
8829
9098
9367
9636
9905
174
443
712
981
1250
1519
1788
2057
2326
2595
2864
3133
3402
3671
3940
4209
4478
4747
5016
5285
5554
5823
6092
6361
6630
6899
7168
7437
7706
7975
8244
8513
8782
9051
9320
9589
9858
127
396
665
934
1203
1472
1741
2010
2279
2548
2817
3086
3355
3624
3893
4162
4431
4700
4969
5238
5507
5776
6045
6314
6583
6852
7121
7390
7659
7928
8197
8466
8735
9004
9273
9542
9811
80
349
618
887
1156
1425
1694
1963
2232
2501
2770
3039
3308
3577
3846
4115
4384
4653
4922
5191
5460
5729
5998
6267
6536
6805
7074
7343
7612
7881
8150
8419
8688
8957
9226
9495
9764
33
302
571
840
1109
1378
1647
1916
2185
2454
2723
2992
3261
3530
3799
4068
4337
4606
4875
5144
5413
5682
5951
6220
6489
6758
7027
7296
7565
7834
8103
8372
8641
8910
9179
9448
9717
9986
255
524
793
1062
1331
1600
1869
2138
2407
2676
2945
3214
3483
3752
4021
4290
4559
4828
5097
5366
5635
5904
6173
6442
6711
6980
7249
7518
7787
8056
8325
8594
8863
9132
9401
9670
9939
208
477
746
1015
1284
1553
1822
2091
2360
2629
2898
3167
3436
3705
3974
4243
4512
4781
5050
5319
5588
5857
6126
6395
6664
6933
7202
7471
7740
8009
8278
8547
8816
9085
9354
9623
9892
161
430
699
968
1237
1506
1775
2044
2313
2582
2851
3120
3389
3658
3927
4196
4465
4734
5003
5272
5541
5810
6079
6348
6617
6886
7155
7424
7693
7962
8231
8500
8769
9038
9307
9576
9845
114
383
652
921
1190
1459
1728
1997
2266
2535
2804
3073
3342
3611
3880
4149
4418
4687
4956
5225
5494
5763
6032
6301
6570
6839
7108
7377
7646
7915
8184
8453
8722
8991
9260
9529
9798
67
336
605
874
1143
1412
1681
1950
2219
2488
2757
3026
3295
3564
3833
4102
4371
4640
4909
5178
5447
5716
5985
6254
6523
6792
7061
7330
7599
7868
8137
8406
8675
8944
9213
9482
9751
20
289
558
827
1096
1365
1634
1903
2172
2441
2710
2979
3248
3517
3786
4055
4324
4593
4862
5131
5400
5669
5938
6207
6476
6745
7014
7283
7552
7821
8090
8359
8628
8897
9166
9435
9704
9973
242
511
780
1049
1318
1587
1856
2125
2394
2663
2932
3201
3470
3739
4008
4277
4546
4815
5084
5353
5622
5891
6160
6429
6698
6967
7236
7505
7774
8043
8312
8581
8850
9119
9388
9657
9926
195
464
733
1002
1271
1540
1809
2078
2347
2616
2885
3154
3423
3692
3961
4230
4499
4768
5037
5306
5575
5844
6113
6382
6651
6920
7189
7458
7727
7996
8265
8534
8803
9072
9341
9610
9879
148
417
686
955
1224
1493
1762
2031
2300
2569
2838
3107
3376
3645
3914
4183
4452
4721
4990
5259
5528
5797
6066
6335
6604
6873
7142
7411
7680
7949
8218
8487
8756
9025
9294
9563
9832
101
370
639
908
1177
1446
1715
1984
2253
2522
2791
3060
3329
3598
3867
4136
4405
4674
4943
5212
5481
5750
6019
6288
6557
6826
7095
7364
7633
7902
8171
8440
8709
8978
9247
9516
9785
54
323
592
861
1130
1399
1668
1937
2206
2475
2744
3013
3282
3551
3820
4089
4358
4627
4896
5165
5434
5703
5972
6241
6510
6779
7048
7317
7586
7855
8124
8393
8662
8931
9200
9469
9738
7
276
545
814
1083
1352
1621
1890
2159
2428
2697
2966
3235
3504
3773
4042
4311
4580
4849
5118
5387
5656
5925
6194
6463
6732
7001
7270
7539
7808
8077
8346
8615
8884
9153
9422
9691
9960
229
498
767
1036
1305
1574
1843
2112
2381
2650
2919
3188
3457
3726
3995
4264
4533
4802
5071
5340
5609
5878
6147
6416
6685
6954
7223
7492
7761
8030
8299
8568
8837
9106
9375
9644
9913
182
451
720
989
1258
1527
1796
2065
2334
2603
2872
3141
3410
3679
3948
4217
4486
4755
5024
5293
5562
5831
6100
6369
6638
6907
7176
7445
7714
7983
8252
8521
8790
9059
9328
9597
9866
135
404
673
942
1211
1480
1749
2018
2287
2556
2825
3094
3363
3632
3901
4170
4439
4708
4977
5246
5515
5784
6053
6322
6591
6860
7129
7398
7667
7936
8205
8474
8743
9012
9281
9550
9819
88
357
626
895
1164
1433
1702
1971
2240
2509
2778
3047
3316
3585
3854
4123
4392
4661
4930
5199
5468
5737
6006
6275
6544
6813
7082
7351
7620
7889
8158
8427
8696
8965
9234
9503
9772
41
310
579
848
1117
1386
1655
1924
2193
2462
2731
3000
3269
3538
3807
4076
4345
4614
4883
5152
5421
5690
5959
6228
6497
6766
7035
7304
7573
7842
8111
8380
8649
8918
9187
9456
9725
9994
263
532
801
1070
1339
1608
1877
2146
2415
2684
2953
3222
3491
3760
4029
4298
4567
4836
5105
5374
5643
5912
6181
6450
6719
6988
7257
7526
7795
8064
8333
8602
8871
9140
9409
9678
9947
216
485
754
1023
1292
1561
1830
2099
2368
2637
2906
3175
3444
3713
3982
4251
4520
4789
5058
5327
5596
5865
6134
6403
6672
6941
7210
7479
7748
8017
8286
8555
8824
9093
9362
9631
9900
169
438
707
976
1245
1514
1783
2052
2321
2590
2859
3128
3397
3666
3935
4204
4473
4742
5011
5280
5549
5818
6087
6356
6625
6894
7163
7432
7701
7970
8239
8508
8777
9046
9315
9584
9853
122
391
660
929
1198
1467
1736
2005
2274
2543
2812
3081
3350
3619
3888
4157
4426
4695
4964
5233
5502
5771
6040
6309
6578
6847
7116
7385
7654
7923
8192
8461
8730
8999
9268
9537
9806
75
344
613
882
1151
1420
1689
1958
2227
2496
2765
3034
3303
3572
3841
4110
4379
4648
4917
5186
5455
5724
5993
6262
6531
6800
7069
7338
7607
7876
8145
8414
8683
8952
9221
9490
9759
28
297
566
835
1104
1373
1642
1911
2180
2449
2718
2987
3256
3525
3794
4063
4332
4601
4870
5139
5408
5677
5946
6215
6484
6753
7022
7291
7560
7829
8098
8367
8636
8905
9174
9443
9712
9981
250
519
788
1057
1326
1595
1864
2133
2402
2671
2940
3209
3478
3747
4016
4285
4554
4823
5092
5361
5630
5899
6168
6437
6706
6975
7244
7513
7782
8051
8320
8589
8858
9127
9396
9665
9934
203
472
741
1010
1279
1548
1817
2086
2355
2624
2893
3162
3431
3700
3969
4238
4507
4776
5045
5314
5583
5852
6121
6390
6659
6928
7197
7466
7735
8004
8273
8542
8811
9080
9349
9618
9887
156
425
694
963
1232
1501
1770
2039
2308
2577
2846
3115
3384
3653
3922
4191
4460
4729
4998
5267
5536
5805
6074
6343
6612
6881
7150
7419
7688
7957
8226
8495
8764
9033
9302
9571
9840
109
378
647
916
1185
1454
1723
1992
2261
2530
2799
3068
3337
3606
3875
4144
4413
4682
4951
5220
5489
5758
6027
6296
6565
6834
7103
7372
7641
7910
8179
8448
8717
8986
9255
9524
9793
62
331
600
869
1138
1407
1676
1945
2214
2483
2752
3021
3290
3559
3828
4097
4366
4635
4904
5173
5442
5711
5980
6249
6518
6787
7056
7325
7594
7863
8132
8401
8670
8939
9208
9477
9746
15
284
553
822
1091
1360
1629
1898
2167
2436
2705
2974
3243
3512
3781
4050
4319
4588
4857
5126
5395
5664
5933
6202
6471
6740
7009
7278
7547
7816
8085
8354
8623
8892
9161
9430
9699
9968
237
506
775
1044
1313
1582
1851
2120
2389
2658
2927
3196
3465
3734
4003
4272
4541
4810
5079
5348
5617
5886
6155
6424
6693
6962
7231
7500
7769
8038
8307
8576
8845
9114
9383
9652
9921
190
459
728
997
1266
1535
1804
2073
2342
2611
2880
3149
3418
3687
3956
4225
4494
4763
5032
5301
5570
5839
6108
6377
6646
6915
7184
7453
7722
7991
8260
8529
8798
9067
9336
9605
9874
143
412
681
950
1219
1488
1757
2026
2295
2564
2833
3102
3371
3640
3909
4178
4447
4716
4985
5254
5523
5792
6061
6330
6599
6868
7137
7406
7675
7944
8213
8482
8751
9020
9289
9558
9827
96
365
634
903
1172
1441
1710
1979
2248
2517
2786
3055
3324
3593
3862
4131
4400
4669
4938
5207
5476
5745
6014
6283
6552
6821
7090
7359
7628
7897
8166
8435
8704
8973
9242
9511
9780
49
318
587
856
1125
1394
1663
1932
2201
2470
2739
3008
3277
3546
3815
4084
4353
4622
4891
5160
5429
5698
5967
6236
6505
6774
7043
7312
7581
7850
8119
8388
8657
8926
9195
9464
9733
2
271
540
809
1078
1347
1616
1885
2154
2423
2692
2961
3230
3499
3768
4037
4306
4575
4844
5113
5382
5651
5920
6189
6458
6727
6996
7265
7534
7803
8072
8341
8610
8879
9148
9417
9686
9955
224
493
762
1031
1300
1569
1838
2107
2376
2645
2914
3183
3452
3721
3990
4259
4528
4797
5066
5335
5604
5873
6142
6411
6680
6949
7218
7487
7756
8025
8294
8563
8832
9101
9370
9639
9908
177
446
715
984
1253
1522
1791
2060
2329
2598
2867
3136
3405
3674
3943
4212
4481
4750
5019
5288
5557
5826
6095
6364
6633
6902
7171
7440
7709
7978
8247
8516
8785
9054
9323
9592
9861
130
399
668
937
1206
1475
1744
2013
2282
2551
2820
3089
3358
3627
3896
4165
4434
4703
4972
5241
5510
5779
6048
6317
6586
6855
7124
7393
7662
7931
8200
8469
8738
9007
9276
9545
9814
83
352
621
890
1159
1428
1697
1966
2235
2504
2773
3042
3311
3580
3849
4118
4387
4656
4925
5194
5463
5732
6001
6270
6539
6808
7077
7346
7615
7884
8153
8422
8691
8960
9229
9498
9767
36
305
574
843
1112
1381
1650
1919
2188
2457
2726
2995
3264
3533
3802
4071
4340
4609
4878
5147
5416
5685
5954
6223
6492
6761
7030
7299
7568
7837
8106
8375
8644
8913
9182
9451
9720
9989
258
527
796
1065
1334
1603
1872
2141
2410
2679
2948
3217
3486
3755
4024
4293
4562
4831
5100
5369
5638
5907
6176
6445
6714
6983
7252
7521
7790
8059
8328
8597
8866
9135
9404
9673
9942
211
480
749
1018
1287
1556
1825
2094
2363
2632
2901
3170
3439
3708
3977
4246
4515
4784
5053
5322
5591
5860
6129
6398
6667
6936
7205
7474
7743
8012
8281
8550
8819
9088
9357
9626
9895
164
433
702
971
1240
1509
1778
2047
2316
2585
2854
3123
3392
3661
3930
4199
4468
4737
5006
5275
5544
5813
6082
6351
6620
6889
7158
7427
7696
7965
8234
8503
8772
9041
9310
9579
9848
117
386
655
924
1193
1462
1731
2000
2269
2538
2807
3076
3345
3614
3883
4152
4421
4690
4959
5228
5497
5766
6035
6304
6573
6842
7111
7380
7649
7918
8187
8456
8725
8994
9263
9532
9801
70
339
608
877
1146
1415
1684
1953
2222
2491
2760
3029
3298
3567
3836
4105
4374
4643
4912
5181
5450
5719
5988
6257
6526
6795
7064
7333
7602
7871
8140
8409
8678
8947
9216
9485
9754
23
292
561
830
1099
1368
1637
1906
2175
2444
2713
2982
3251
3520
3789
4058
4327
4596
4865
5134
5403
5672
5941
6210
6479
6748
7017
7286
7555
7824
8093
8362
8631
8900
9169
9438
9707
9976
245
514
